PRECISION	= 0.711864406779661
RECALL		= 0.711864406779661
F1_SCORE	= 0.7547417271993544

EXEC_TIME	= 0.015625s
