PRECISION	= 0.7058823529411765
RECALL		= 0.631578947368421
F1_SCORE	= 0.7322097378277154

EXEC_TIME	= 0.09375s
