PRECISION	= 0.7543859649122807
RECALL		= 0.7049180327868853
F1_SCORE	= 0.7691686844229217

EXEC_TIME	= 0.0625s
