PRECISION	= 0.5967741935483871
RECALL		= 0.6727272727272727
F1_SCORE	= 0.6890203813280736

EXEC_TIME	= 0.046875s
