PRECISION	= 0.6428571428571429
RECALL		= 0.6428571428571429
F1_SCORE	= 0.7064860426929392

EXEC_TIME	= 0.03125s
